[Instrument Control Frame]
MoveX=0.0163043
MoveY=0.0739437
SizeX=0.9975
SizeY=0.916667

[Instrument Control Window]
WindowPosition=131,0,675,363,1

[6890 GC]
GCOVENTEMP=145,265,1,350.00,320.00,50.00,1,100.00,0.00
GCCOL1FLOW=270,265,1,100.00,100.00,0.00,0,100.00,0.00
Signal0=0.10,0.16,0.79,0.68,1
Monitor0=80,200
Signal1=0.14,0.21,0.79,0.68,2
Monitor1=80,265
Plot0=5.00,0,10,0
Plot1=5.00,0,10,0
Status=145,200,1

[gc5890]
GCOVENTEMP=253,125,1,100.00,100.00,0.00,0,100.00,0.00
GCINJBTEMP=150,264,1,100.00,100.00,0.00,0,100.00,0.00
GCDETBTEMP=149,262,1,100.00,100.00,0.00,0,100.00,0.00
GCINJATEMP=150,192,1,100.00,100.00,0.00,0,100.00,0.00
